1	22.49308313	22.67108313		113.4943408	113.7109408
2	22.49308313	22.67108313		113.7109408	113.9275408
3	22.67108313	22.84908313		113.2777408	113.4943408
4	22.67108313	22.84908313		113.4943408	113.7109408
5	22.84908313	23.02708313		113.0611408	113.2777408
6	22.84908313	23.02708313		113.2777408	113.4943408
7	23.02708313	23.20508313		112.8445408	113.0611408
8	23.02708313	23.20508313		113.0611408	113.2777408
9	23.02708313	23.20508313		113.2777408	113.4943408
10	23.02708313	23.20508313		113.4943408	113.7109408
11	23.02708313	23.20508313		113.7109408	113.9275408
12	23.02708313	23.20508313		113.9275408	114.1441408
13	23.20508313	23.38308313		112.8445408	113.0611408
14	23.20508313	23.38308313		113.0611408	113.2777408
15	23.20508313	23.38308313		113.2777408	113.4943408
16	23.20508313	23.38308313		113.4943408	113.7109408
17	23.20508313	23.38308313		113.7109408	113.9275408
18	23.20508313	23.38308313		113.9275408	114.1441408
19	23.20508313	23.38308313		114.1441408	114.3607408
20	23.38308313	23.88308313		113.0611408	113.2777408
21	23.38308313	23.88308313		113.4943408	113.7109408
22	23.38308313	23.88308313		113.7109408	113.9275408
23	23.38308313	23.88308313		113.9275408	114.1441408
24	23.38308313	23.88308313		114.1441408	114.6707408
22.947097	113.679983	67997.3868
22.577792	113.966524	37926.5416
23.192458	113.347272	27953.0363
23.255965	113.31875	25085.6986
33.65205	116.97047	20919.0667
22.262784	112.79768	18237.6295
29.560903	106.239083	15729.3601
23.143373	113.376315	14868.4446
23.28528	113.651842	13556.1555
23.099259	113.488909	13327.9511
23.192462	113.34726	11349.0899
22.548889	113.955368	10957.5811
23.178845	113.358177	10427.7392
23.054911	113.768888	10210.6765
23.053426	113.761634	10187.7506
23.054769	113.65272	9495.8126
22.92814	114.081898	9065.9062
23.146943	113.305001	8549.9583
23.025829	113.317362	7054.4886
23.012667	113.839206	6824.2516
22.574867	113.920188	6510.0602
27.124487	111.017906	6494.3768
23.262722	113.29603	6105.2056
23.216283	113.29179	5207.8348
22.724052	113.922057	4268.3089
23.025831	113.31738	4236.5421
23.141684	113.262137	4182.3338
23.173014	113.320705	3836.0711
23.187008	113.257642	3562.2053
23.10714	113.301889	3039.9026
22.667339	114.007186	2923.8802
23.129688	113.409023	2755.8648
22.993463	114.728544	2635.5945
22.799744	113.782606	2274.9848
23.125731	113.402306	2148.7238
23.089162	112.882467	2127.005
23.13759	113.381757	1980.8566
22.935859	113.683234	1937.4291
21.679227	110.922443	1691.0543
23.099656	113.487402	1650.2348
23.039077	113.133736	1523.3223
22.640977	114.061072	1507.8397
22.698914	113.818848	1498.9031
22.699085	113.79328	1493.9265
22.630761	114.088349	1474.9462
22.736419	114.275272	1430.8899
23.166269	113.21411	1366.1619
20.335061	110.178827	1365.3053
23.026671	113.314161	1256.9036
22.605016	114.134612	1179.1445
22.55258	114.131064	1125.7637
22.551065	113.906415	1078.8887
23.258526	113.320772	1054.1406
23.201831	113.329844	1047.2994
22.55234	114.004208	956.449
23.127808	113.268909	876.885
22.963677	113.668272	860.6575
22.546424	114.091551	819.5817
23.027282	113.321826	812.4732
22.649465	114.046196	802.9929
23.013316	113.764039	801.945
22.786188	113.89986	768.431
22.631265	114.088053	759.2893
22.59321	113.997232	758.6399
22.646966	114.054897	741.186
22.537631	113.921206	716.1536
22.945963	113.378949	692.4968
22.572454	113.900611	680.1682
23.138201	113.305131	661.4701
23.125711	113.266843	638.8183
22.921069	114.011611	636.5533
23.085993	113.286892	631.8731
23.201472	113.328149	607.9601
23.107633	113.934697	585.3526
23.05819	113.382202	578.4185
22.631295	114.088048	577.3317
23.04938	113.170711	557.8477
22.832066	113.717908	544.8401
22.746146	113.845129	544.5673
22.695229	114.235036	537.6568
23.023983	113.113357	533.4239
21.202247	110.417157	527.6239
23.025897	113.317272	526.7561
22.559031	114.133815	512.8802
23.134029	113.380696	498.2218
22.979376	113.359597	479.3786
22.617332	114.046699	466.0196
23.110206	113.840149	464.8392
23.467117	113.36579	463.2336
22.661854	114.02758	462.5524
22.805765	113.580688	456.8141
22.573973	114.118394	443.4528
23.048773	113.320775	438.3089
22.654465	114.042558	432.0017
23.08834	113.811783	430.3396
23.042076	113.088167	425.5539
22.715649	114.266454	419.474
23.102272	113.314206	409.9957
22.957762	113.885591	404.3689
22.735681	114.276218	401.2549
22.566656	114.048785	389.3617
22.605696	114.052535	388.9843
22.528087	114.053445	385.9114
22.557073	114.093619	371.5909
22.663709	114.02819	358.6164
22.600908	114.124103	355.7476
22.702596	113.841585	339.6894
23.133346	113.288213	325.9203
23.371734	113.249841	322.1326
23.060244	113.228424	318.7701
23.025509	113.136987	318.7701
23.131169	113.297453	317.5724
22.55917	113.964202	317.3112
22.571019	114.063028	316.9499
23.019708	113.088886	313.7988
22.602495	114.120857	310.1361
23.291608	113.311949	308.6912
22.526055	113.932399	308.3529
22.957819	113.885455	289.7356
23.136869	113.252176	287.4723
22.5606	113.914169	286.1964
23.02382	113.12482	284.9008
23.170052	112.896012	271.4754
23.192579	113.347404	263.7415
22.609184	114.036224	255.3604
23.096916	113.284093	246.9617
22.58338	114.132395	243.7428
22.737832	113.824021	243.0345
22.669148	113.923368	240.7228
22.697751	114.227313	239.112
22.634345	114.079336	239.0776
23.017262	113.334856	239.0776
23.035953	113.163214	236.2993
22.615165	114.168801	234.2849
22.999192	114.343194	233.9414
24.80413	113.605786	229.1596
23.107527	113.14625	225.3733
22.670303	114.139487	225.2535
22.667193	114.020917	223.4477
23.626787	113.43641	219.9701
22.653315	114.029516	219.7008
22.62607	114.073376	218.2444
22.644142	113.867745	213.7231
23.055061	113.744384	213.5504
22.633177	114.230291	212.6327
22.980661	114.002005	200.0799
23.174499	113.263282	199.2313
22.93804	113.665746	199.2313
22.845506	113.269551	199.2313
22.563546	114.138399	197.6011
22.6656	114.20803	196.782
23.133276	113.249702	195.401
23.11803	113.362287	192.2122
22.919953	113.213961	191.2621
22.705938	114.091435	190.1459
22.654493	114.042605	188.7821
22.995646	114.006372	183.7939
23.022885	113.826933	183.2365
22.624889	114.152166	181.9852
23.224528	113.317468	181.2249
22.741636	114.266652	180.201
23.054148	113.294756	179.3082
22.674691	113.796497	179.3082
22.966344	113.092801	179.3082
23.156692	113.328526	174.7604
23.190577	113.251884	171.1987
23.010914	113.733551	171.1253
23.072207	113.112958	169.0116
23.101558	113.314506	168.3819
23.012481	113.083899	168.3546
22.611218	114.159207	159.3851
23.1306	113.241295	159.3851
22.619846	114.107034	157.4156
22.55123	114.093465	152.1497
22.506225	113.945301	151.7244
22.657811	114.029555	151.7204
23.016933	113.149007	151.5345
22.630003	114.154938	151.4158
22.800524	113.828908	151.4158
23.120203	113.136969	149.86
23.293868	113.372001	149.0707
23.034994	113.749133	148.8489
23.045704	113.49505	148.5654
23.106751	113.312493	147.3951
23.039656	113.718566	145.8889
23.0391	113.13376	145.195
23.226408	113.272284	142.0646
22.665157	114.030232	140.7584
22.621808	114.031797	139.4619
22.628276	114.159413	139.4619
23.103618	113.375591	139.4619
23.019975	113.339842	138.8561
22.919974	113.213898	135.7602
22.619739	114.107025	134.8147
22.965764	114.035832	134.5708
22.676151	114.014881	132.103
22.960617	113.701495	130.7752
23.106792	113.312499	127.508
22.520804	113.942816	126.9857
22.980092	113.017895	123.5234
23.558419	113.614671	120.3874
22.638154	114.202461	119.5388
22.723878	113.903337	119.5388
22.551842	114.131407	119.5388
23.097481	113.269269	119.5388
22.69495	114.231992	119.5388
23.127013	113.399742	119.5388
22.982071	114.032407	119.5388
22.97076	113.99635	119.5388
22.928824	112.939739	119.5388
23.227075	113.293212	115.9629
23.146568	113.346826	115.7718
23.212972	113.391595	115.646
23.143901	113.299725	115.5542
23.060158	113.777571	115.5408
23.03343	113.14227	114.8859
23.019462	113.077555	114.4205
22.563803	114.040747	112.9106
23.444281	113.196688	112.1376
23.467101	113.365807	111.5695
22.589193	113.973194	110.69
23.065583	113.585017	108.7365
23.100414	113.295104	106.4804
23.075797	113.288044	105.5926
23.340387	113.303661	105.5176
23.073486	113.170439	105.3559
23.018177	113.341384	104.1227
22.576181	114.113145	103.6003
23.037115	113.117726	103.0065
22.657617	114.207759	102.08
22.615435	114.123207	102.0617
23.484326	113.205374	101.608
22.773827	114.329945	99.6157
23.309835	113.36433	99.6157
22.588494	113.949223	99.6157
22.73834	113.814489	99.6157
23.042795	113.30588	99.6157
22.617982	114.118918	99.6157
22.729964	114.297779	99.6157
23.207391	113.335702	99.6157
23.051221	113.787943	99.6157
22.832479	113.061531	99.6157
22.796875	113.771143	97.0036
22.801349	113.714482	94.9628
22.763973	113.813969	94.8781
23.114455	113.31211	93.5386
23.205772	113.270594	93.2156
23.007204	113.12903	93.1884
23.396767	113.255106	92.9875
22.683833	114.002003	92.8451
22.537617	114.120387	92.144
23.014185	113.648114	91.5635
22.720184	114.275458	88.7475
23.132941	113.338573	88.1576
23.112296	113.127154	87.1681
23.041392	113.75766	86.2996
23.0946	113.284436	85.6695
22.676474	113.821783	84.414
22.964203	113.088383	84.0491
22.540942	114.073682	83.6772
23.064767	113.05448	83.6772
22.684504	113.951115	82.9086
22.563444	114.127943	82.3088
23.160089	113.240921	79.6925
23.068369	113.261283	79.6925
23.212104	113.291573	79.6925
23.194579	113.273734	79.6925
22.591387	114.124439	79.6925
23.097546	113.33598	79.6925
23.093079	113.278148	79.6925
23.442511	113.327665	79.6925
22.536425	113.948822	79.6925
22.757872	113.913137	79.6925
22.572146	113.904177	79.6925
23.207769	113.379643	79.6925
23.133812	113.270935	79.6925
23.110957	113.460126	79.6925
22.631729	114.119678	79.6925
22.572337	114.121094	79.6925
23.148396	113.293411	79.6925
23.137481	113.283015	79.6925
23.381258	113.220174	79.6925
22.693376	113.941047	79.6925
23.141344	113.343578	79.6925
22.651485	114.110239	79.6925
23.150785	113.332625	79.6925
23.247414	113.316081	79.6925
22.550214	114.092453	79.6925
23.144206	113.240874	79.6925
22.910687	113.999879	79.6925
22.878442	113.821749	79.6925
22.80034	113.828038	79.6925
22.947805	113.274358	79.6925
22.821221	113.052974	79.6925
23.037111	113.134501	79.6925
22.887126	113.401686	75.3616
22.960802	113.335749	73.2507
23.063445	113.774572	71.7233
22.939187	113.746074	70.9796
22.665838	114.068923	64.7502
22.568389	113.90155	64.292
22.592527	113.846444	61.7617
23.40515	113.228722	60.12
23.26376	113.258772	59.7694
23.137429	113.282856	59.7694
23.136755	113.393612	59.7694
23.13592	113.315173	59.7694
23.137578	113.282935	59.7694
23.254296	113.315659	59.7694
23.120306	113.268304	59.7694
23.126948	113.27424	59.7694
23.151009	113.551515	59.7694
23.077633	113.289146	59.7694
22.692574	114.224224	59.7694
22.936494	113.359285	59.7694
23.124292	113.357872	59.7694
22.944615	113.403347	59.7694
22.676503	114.019311	59.7694
23.164734	113.229295	59.7694
23.104198	113.363252	59.7694
22.735438	114.284747	59.7694
22.540448	114.066268	59.7694
22.686066	113.993061	59.7694
22.633013	114.041198	59.7694
22.721816	114.265177	59.7694
22.549107	114.128361	59.7694
23.10824	113.26614	59.7694
22.612929	114.137262	59.7694
22.543915	114.058444	59.7694
23.126053	113.401054	59.7694
22.523461	114.047879	59.7694
22.688779	113.944955	59.7694
22.735666	113.908071	59.7694
23.124435	113.338799	59.7694
22.588207	113.906852	59.7694
23.054901	113.768854	59.7694
23.173781	112.864304	59.7694
23.118702	113.132484	59.7694
23.040919	113.132589	59.7694
23.004923	113.157507	59.7694
23.072993	113.209	59.7694
22.99238	113.126195	59.7694
23.287294	113.625475	59.2557
23.181232	113.51278	58.2166
22.620732	114.142503	57.6201
22.654518	114.042548	57.1467
22.979873	113.314866	56.9125
23.13475	113.392481	56.9125
22.985329	113.719121	55.7674
22.615454	114.123113	55.7056
23.065181	113.15496	55.5474
22.624165	114.044003	55.5456
23.107515	113.457024	53.5749
22.573093	113.960327	53.1584
22.5738	113.9662	52.5572
22.605395	114.127734	51.807
22.555394	114.118897	50.3799
22.52894	114.07265	49.6626
23.064412	113.447505	49.648
23.032306	113.156795	49.3891
23.125804	113.4009	48.5795
23.009643	113.143825	47.8155
23.026036	113.31943	46.5355
23.123308	113.409223	46.3032
23.096891	113.304406	46.2113
23.098008	113.236094	46.0497
23.203413	113.229464	45.8232
22.672999	114.227576	45.6855
22.703545	113.944387	45.4946
22.614072	114.148979	45.105
23.11072	113.274436	44.3144
23.087139	113.278892	44.1162
23.179085	113.232562	43.8309
23.141318	113.400417	43.8033
22.716905	114.388943	42.8347
23.091655	113.336944	42.3704
23.318118	113.363802	42.1776
23.377337	113.214543	41.8386
23.126861	113.267994	41.8386
22.524485	113.949348	41.8386
23.196752	113.347108	41.8386
22.831844	113.696638	41.8386
22.678983	114.004376	41.8386
23.040397	113.158358	41.8386
23.15374	112.905005	41.8386
22.675887	113.807281	40.0001
22.625597	114.034519	39.9479
22.545463	113.92639	39.8463
23.458749	113.193986	39.8463
22.540878	114.085845	39.8463
22.559842	114.118199	39.8463
23.212488	113.292305	39.8463
23.13516	113.337886	39.8463
23.105198	113.276884	39.8463
23.095225	113.365248	39.8463
23.193444	113.370323	39.8463
22.565797	114.123028	39.8463
23.001787	113.352865	39.8463
22.728736	114.264305	39.8463
23.373834	113.433356	39.8463
23.135971	113.386713	39.8463
22.646861	114.009774	39.8463
22.679169	113.938947	39.8463
23.10584	113.271284	39.8463
22.659864	114.120275	39.8463
22.708022	113.815302	39.8463
22.550248	114.092534	39.8463
22.547093	113.978106	39.8463
22.56253	114.094441	39.8463
23.148314	113.293349	39.8463
22.550907	114.133295	39.8463
23.141977	113.236106	39.8463
23.17077	113.386429	39.8463
23.10288	113.240445	39.8463
22.531248	114.074777	39.8463
22.566277	114.057247	39.8463
22.937503	113.472495	39.8463
22.780596	114.297116	39.8463
22.693761	114.225501	39.8463
22.607315	114.111315	39.8463
23.203141	113.341529	39.8463
22.609728	114.121268	39.8463
22.571192	114.040503	39.8463
23.132668	113.286578	39.8463
22.581488	113.877354	39.8463
22.681384	113.835816	39.8463
22.626028	114.152468	39.8463
23.439895	113.272345	39.8463
23.142616	113.293306	39.8463
23.279398	113.215721	39.8463
22.553907	113.974574	39.8463
22.573458	114.118823	39.8463
23.112827	113.280243	39.8463
22.991592	113.723135	39.8463
23.333676	113.393497	39.8463
22.537562	113.937039	39.8463
22.608568	113.853501	39.8463
23.223677	113.236506	39.8463
23.101533	113.281233	39.8463
22.539697	113.911861	39.8463
22.521439	113.930063	39.8463
22.541419	114.109829	39.8463
22.521505	113.932276	39.8463
23.41147	113.192208	39.8463
22.586891	113.869516	39.8463
23.105474	113.487867	39.8463
22.537286	114.075432	39.8463
22.54842	114.089112	39.8463
22.67597	114.041621	39.8463
23.122523	113.401998	39.8463
22.656474	114.026536	39.8463
22.69798	113.82128	39.8463
23.168829	113.325786	39.8463
22.65703	114.218155	39.8463
23.214644	113.262955	39.8463
23.192039	113.348428	39.8463
22.566805	113.926733	39.8463
22.557264	114.054618	39.8463
23.136778	113.393584	39.8463
23.102809	113.235305	39.8463
23.349518	113.299053	39.8463
22.716731	113.835882	39.8463
22.767485	113.900599	39.8463
23.126049	113.321041	39.8463
23.061671	113.2262	39.8463
23.138925	113.378918	39.8463
22.726808	113.904246	39.8463
22.681319	113.949623	39.8463
22.606031	114.126707	39.8463
22.760543	113.922454	39.8463
23.117189	113.362763	39.8463
21.498823	11.106315	39.8463
22.794154	113.385011	39.8463
22.622065	114.121736	39.8463
22.538354	113.977801	39.8463
23.108233	113.265912	39.8463
23.098874	113.328971	39.8463
22.752553	114.026436	39.8463
23.149311	113.28236	39.8463
22.619595	114.229209	39.8463
22.559059	114.158556	39.8463
22.694935	113.844956	39.8463
23.115144	113.25955	39.8463
22.637062	114.076561	39.8463
23.017785	114.039199	39.8463
22.869974	113.67508	39.8463
22.86985	114.131288	39.8463
22.801963	113.721845	39.8463
23.121891	113.824454	39.8463
23.065028	113.900075	39.8463
22.92074	114.012363	39.8463
22.79723	114.080272	39.8463
23.041766	113.733323	39.8463
22.983841	113.929266	39.8463
23.037111	113.886441	39.8463
23.048678	113.7786	39.8463
22.811692	113.682766	39.8463
22.883376	114.119983	39.8463
22.938454	113.807922	39.8463
22.877674	113.082808	39.8463
23.230059	113.08838	39.8463
22.91514	112.872049	39.8463
23.002962	113.13325	39.8463
23.054569	112.923115	39.8463
22.906752	113.167485	39.8463
22.946631	113.282171	39.8463
22.877588	113.082854	39.8463
22.908228	113.224487	39.0864
22.963037	113.107354	38.4497
22.743173	114.139952	38.0205
22.602344	114.059629	37.8577
22.665991	114.06549	36.4665
22.913183	113.845955	34.7793
22.801749	113.75284	34.0831
22.949361	113.383475	34.0692
22.67858	113.807474	33.7613
23.198099	113.424046	32.927
23.118314	113.409231	31.759
22.523183	114.059483	31.5716
23.107375	113.541189	31.5077
22.985054	113.730621	31.4796
23.226076	113.309537	29.8847
23.117332	113.411635	29.852
23.142655	113.377527	28.1365
22.571079	114.06153	24.6983
23.101896	113.325889	24.1771
22.590912	113.938085	23.9078
23.477471	113.153309	23.9078
23.102825	113.385889	23.9078
22.764807	113.2973	23.4954
23.062129	113.274549	23.4321
23.06127	114.017925	23.0116
23.465214	113.116516	21.9154
23.10473	113.270301	21.9154
23.125273	113.424431	21.9154
22.616991	114.050323	21.9154
23.467767	113.153265	21.9154
23.308687	113.411452	21.9154
23.007471	113.134428	21.9154
22.578875	113.865793	21.6439
22.754533	113.814188	21.1757
22.70931	113.97225	21
22.960403	113.668769	20.9193
22.660281	114.221429	20.5801
23.131021	113.010393	20.4029
22.84683	114.170494	20.2945
23.076161	113.80713	20.2553
23.038477	113.797326	20.1144
23.021185	113.736371	20.0221
22.987672	113.950727	20
23.133161	113.422087	19.9231
22.691007	114.350423	19.9231
22.683829	113.942915	19.9231
22.965728	113.473636	19.9231
23.404957	113.230019	19.9231
22.664515	113.827217	19.9231
22.699071	114.262472	19.9231
23.219338	113.229506	19.9231
22.537866	114.026688	19.9231
22.571144	113.913206	19.9231
22.532385	114.037147	19.9231
23.158235	113.60728	19.9231
22.80646	113.847029	19.9231
22.74242	113.811259	19.9231
22.609277	114.072487	19.9231
22.597208	114.138971	19.9231
23.075938	113.311626	19.9231
23.477391	113.161711	19.9231
23.194785	113.273758	19.9231
22.634382	114.061367	19.9231
23.131625	113.269593	19.9231
22.679075	113.940527	19.9231
22.540552	114.074406	19.9231
22.620184	114.15286	19.9231
22.678692	114.036315	19.9231
23.13176	113.281256	19.9231
23.105626	113.331857	19.9231
23.232252	113.2174	19.9231
23.250338	113.352783	19.9231
22.557327	114.136246	19.9231
22.684399	113.951052	19.9231
22.569903	114.144945	19.9231
22.649654	113.917479	19.9231
23.40065	113.235188	19.9231
22.756044	113.852766	19.9231
23.554402	113.585389	19.9231
22.650392	114.052425	19.9231
23.553982	113.60336	19.9231
22.727754	113.834037	19.9231
22.754612	114.235709	19.9231
22.736548	113.815489	19.9231
23.125736	113.266832	19.9231
22.603963	113.848492	19.9231
23.244184	113.232456	19.9231
23.279236	113.411627	19.9231
23.205494	113.265774	19.9231
23.12206	113.400313	19.9231
23.027846	113.314994	19.9231
23.242655	113.260177	19.9231
23.29632	113.308569	19.9231
22.567565	114.134081	19.9231
23.537496	113.594134	19.9231
22.631402	114.042737	19.9231
22.604214	114.136224	19.9231
22.607632	113.943851	19.9231
23.126541	113.634612	19.9231
22.512119	113.937591	19.9231
22.635546	114.068196	19.9231
22.69665	114.334521	19.9231
23.139733	113.367267	19.9231
22.58193	113.958801	19.9231
22.752829	114.028418	19.9231
23.15676	113.588452	19.9231
22.622402	114.081573	19.9231
23.049134	113.392069	19.9231
23.301305	113.83191	19.9231
23.140659	113.328849	19.9231
22.566256	113.912736	19.9231
22.614646	114.120194	19.9231
22.702251	114.059494	19.9231
22.614975	114.149724	19.9231
23.390261	113.171529	19.9231
22.520271	113.919056	19.9231
22.746363	113.795779	19.9231
22.568192	113.904839	19.9231
23.093532	113.299083	19.9231
23.302272	113.365212	19.9231
23.365917	113.408058	19.9231
23.189998	113.256442	19.9231
22.543198	114.087865	19.9231
23.12757	113.258991	19.9231
23.141658	113.300051	19.9231
23.253257	113.362061	19.9231
23.170584	113.247355	19.9231
22.703833	114.093831	19.9231
22.654378	114.018598	19.9231
23.181904	113.274925	19.9231
22.574853	114.10472	19.9231
22.609328	114.045171	19.9231
23.12484	113.428474	19.9231
22.682171	113.831826	19.9231
22.678585	114.149829	19.9231
23.09955	113.258924	19.9231
23.1273	113.275742	19.9231
22.695318	114.284897	19.9231
22.586047	114.118147	19.9231
22.791047	113.907786	19.9231
23.137667	113.268607	19.9231
23.101714	113.237932	19.9231
23.089531	113.30354	19.9231
22.981732	113.508461	19.9231
22.782427	113.899277	19.9231
23.306762	113.272456	19.9231
23.127909	113.429536	19.9231
22.68233	113.945186	19.9231
22.740512	113.798479	19.9231
22.612742	114.130842	19.9231
23.245183	113.26699	19.9231
23.288104	113.624005	19.9231
22.561428	113.915091	19.9231
22.648627	114.045759	19.9231
23.265167	113.30372	19.9231
22.731366	113.871288	19.9231
23.131497	113.263774	19.9231
23.291829	113.311527	19.9231
23.388053	113.209874	19.9231
22.726154	114.31471	19.9231
22.724083	113.83535	19.9231
22.641265	114.193002	19.9231
23.168946	113.387319	19.9231
22.779356	113.882517	19.9231
22.694786	114.363229	19.9231
23.237748	113.291745	19.9231
22.935688	113.329537	19.9231
23.177908	113.262563	19.9231
22.580536	113.927531	19.9231
23.013819	113.286347	19.9231
23.288	113.248435	19.9231
22.754333	113.825901	19.9231
23.193002	113.240517	19.9231
22.755268	113.901022	19.9231
22.585088	114.125167	19.9231
23.136657	113.394102	19.9231
23.128267	113.288356	19.9231
23.076328	113.187407	19.9231
23.139008	113.38467	19.9231
22.60748	113.857353	19.9231
23.048494	113.318613	19.9231
23.103755	113.45262	19.9231
22.735653	113.868736	19.9231
23.110975	113.284901	19.9231
23.127649	113.568156	19.9231
23.170743	113.495516	19.9231
22.546207	113.923499	19.9231
22.647318	113.934592	19.9231
23.361475	113.154206	19.9231
23.164795	113.215376	19.9231
23.124025	113.252196	19.9231
22.632325	114.153114	19.9231
23.154271	113.508727	19.9231
22.690644	113.929849	19.9231
22.699048	114.00616	19.9231
23.082555	113.340246	19.9231
22.738389	114.017535	19.9231
23.224812	113.278725	19.9231
23.340888	113.302796	19.9231
22.624755	114.042832	19.9231
22.70128	114.228322	19.9231
23.033092	113.343921	19.9231
22.639714	113.938853	19.9231
22.786051	113.932075	19.9231
22.558162	113.953527	19.9231
22.642813	114.199652	19.9231
23.341603	113.308408	19.9231
22.555692	114.146998	19.9231
22.693729	114.003967	19.9231
22.752358	114.047006	19.9231
23.014123	113.330912	19.9231
23.030732	113.318917	19.9231
23.151654	113.326654	19.9231
23.129766	113.418898	19.9231
23.180843	113.266661	19.9231
23.018796	113.341028	19.9231
23.130774	113.286409	19.9231
22.580654	113.920649	19.9231
22.708679	114.090291	19.9231
23.16337	113.257362	19.9231
23.12316	113.354538	19.9231
22.69621	113.826622	19.9231
22.756527	114.259536	19.9231
22.966895	113.403471	19.9231
23.126749	113.363538	19.9231
23.508004	113.686901	19.9231
22.731757	114.07134	19.9231
22.536229	114.027799	19.9231
23.531128	113.615273	19.9231
23.093789	113.271795	19.9231
22.698637	114.125143	19.9231
22.706283	114.089857	19.9231
22.774768	113.866064	19.9231
22.679928	113.837129	19.9231
22.728433	114.304924	19.9231
22.54748	113.974087	19.9231
23.062979	113.365235	19.9231
22.607519	114.064577	19.9231
22.673135	114.008872	19.9231
23.284708	113.852383	19.9231
23.020387	113.330951	19.9231
22.740158	114.043842	19.9231
22.73341	114.287038	19.9231
22.524376	113.949325	19.9231
22.534015	114.067836	19.9231
22.789535	113.933072	19.9231
22.722281	113.919227	19.9231
23.09882	113.340249	19.9231
23.128006	113.404252	19.9231
23.049124	113.399401	19.9231
22.687897	114.114036	19.9231
23.022658	113.353567	19.9231
22.645555	114.231645	19.9231
22.638425	114.021881	19.9231
22.547653	113.977755	19.9231
23.40466	113.23289	19.9231
22.53251	114.070865	19.9231
22.938598	113.349263	19.9231
22.70193	113.83187	19.9231
23.279593	113.830218	19.9231
22.676134	114.031314	19.9231
22.626184	114.157752	19.9231
23.168598	113.331828	19.9231
23.183208	113.242859	19.9231
22.676906	113.940583	19.9231
23.401581	113.212429	19.9231
23.114422	113.626196	19.9231
22.538407	113.924318	19.9231
22.710917	113.820502	19.9231
22.618443	114.168494	19.9231
23.220429	113.382545	19.9231
22.729748	114.269511	19.9231
22.978106	113.433893	19.9231
23.084767	113.238996	19.9231
23.203614	113.260304	19.9231
23.121292	113.401779	19.9231
22.551115	114.019498	19.9231
22.712053	114.319532	19.9231
22.552028	114.134689	19.9231
23.082187	113.23245	19.9231
22.762867	113.805277	19.9231
23.044102	113.341251	19.9231
22.625556	114.118522	19.9231
23.639637	113.685956	19.9231
22.709856	114.279051	19.9231
23.108546	113.283064	19.9231
22.745954	114.400805	19.9231
22.516794	113.928555	19.9231
23.148217	113.293311	19.9231
23.070767	113.315198	19.9231
22.55693	114.13561	19.9231
22.778588	113.822878	19.9231
22.622372	114.032724	19.9231
22.549686	114.096624	19.9231
23.284194	113.251466	19.9231
22.66355	114.113317	19.9231
23.131877	113.467281	19.9231
22.679938	113.944084	19.9231
22.779912	113.90617	19.9231
22.759359	113.923425	19.9231
23.373447	113.305572	19.9231
22.656834	114.038863	19.9231
23.172054	113.38756	19.9231
23.216805	113.382687	19.9231
22.997366	113.313271	19.9231
23.164808	113.215426	19.9231
22.958694	113.378083	19.9231
22.64647	114.009748	19.9231
23.168364	113.39024	19.9231
23.223223	113.295469	19.9231
22.525774	114.055684	19.9231
22.66124	114.057298	19.9231
23.197384	113.396439	19.9231
23.12836	113.615803	19.9231
23.12486	113.253212	19.9231
23.103519	113.375663	19.9231
22.926225	113.348035	19.9231
22.742155	113.813455	19.9231
22.566204	114.178992	19.9231
23.16291	113.227189	19.9231
22.721231	113.849567	19.9231
23.156647	113.267766	19.9231
23.113143	113.555107	19.9231
22.57103	114.063042	19.9231
22.735161	114.301889	19.9231
22.555127	113.908594	19.9231
23.184956	113.460672	19.9231
23.295999	113.845671	19.9231
23.270543	113.303712	19.9231
22.538329	113.924539	19.9231
22.642307	114.029399	19.9231
23.01609	113.393033	19.9231
23.171037	113.385506	19.9231
22.800386	113.539775	19.9231
22.700297	113.801039	19.9231
23.261005	113.256467	19.9231
23.091569	113.270582	19.9231
22.663852	114.130825	19.9231
22.77973	113.915323	19.9231
22.756618	113.846842	19.9231
22.64224	113.869264	19.9231
23.084662	113.247408	19.9231
22.584579	114.145883	19.9231
22.787472	113.890185	19.9231
22.586445	113.960953	19.9231
22.678681	113.944954	19.9231
23.248745	113.361607	19.9231
22.6972	113.799259	19.9231
23.09451	113.537448	19.9231
23.130577	113.386125	19.9231
22.954478	113.370849	19.9231
22.676292	113.828809	19.9231
22.784529	113.834508	19.9231
22.655615	114.222082	19.9231
22.54097	114.08679	19.9231
22.938138	113.362741	19.9231
23.173079	113.245933	19.9231
22.586528	113.948302	19.9231
22.762379	113.817014	19.9231
22.810214	113.868431	19.9231
22.597324	113.995329	19.9231
23.168041	113.390831	19.9231
23.190597	113.250874	19.9231
23.287881	113.835972	19.9231
22.677101	114.230887	19.9231
23.108864	113.456471	19.9231
23.386228	113.233157	19.9231
23.042904	113.339694	19.9231
23.442247	113.327238	19.9231
22.619962	114.043372	19.9231
22.642208	113.86914	19.9231
23.191428	113.253969	19.9231
22.68864	114.003932	19.9231
22.551636	114.125041	19.9231
23.124957	113.285162	19.9231
22.734044	113.812878	19.9231
22.736067	113.911396	19.9231
22.759419	113.907008	19.9231
23.241216	113.281205	19.9231
22.690289	113.944985	19.9231
23.107343	113.284026	19.9231
23.470746	113.186345	19.9231
23.238645	113.307791	19.9231
23.124216	113.258174	19.9231
23.229363	113.291914	19.9231
22.548557	113.940969	19.9231
23.162649	113.440314	19.9231
23.204412	113.372148	19.9231
23.110531	113.300917	19.9231
22.553436	114.005421	19.9231
23.124737	113.411019	19.9231
22.513896	113.934727	19.9231
23.11221	113.271012	19.9231
22.567904	114.179201	19.9231
23.14151	113.550662	19.9231
22.579349	113.930947	19.9231
22.946099	113.402232	19.9231
23.110309	113.422985	19.9231
23.414427	113.717294	19.9231
22.607706	114.042056	19.9231
22.744411	114.027775	19.9231
22.658557	114.013122	19.9231
23.176911	113.244812	19.9231
23.140153	113.23236	19.9231
22.953789	113.35024	19.9231
23.087559	113.330808	19.9231
23.150449	113.234368	19.9231
23.075933	113.279275	19.9231
23.141711	113.300112	19.9231
22.743096	113.853538	19.9231
23.19419	113.341465	19.9231
23.292706	113.302792	19.9231
22.669292	114.021914	19.9231
22.645539	114.043661	19.9231
22.689654	114.089125	19.9231
23.197087	113.272624	19.9231
22.608405	114.131808	19.9231
23.161889	113.311327	19.9231
22.762261	113.803356	19.9231
22.762335	113.932282	19.9231
23.197231	113.265481	19.9231
22.796075	113.952992	19.9231
23.176051	113.664926	19.9231
23.147242	113.349043	19.9231
23.143869	113.433006	19.9231
23.279898	113.306788	19.9231
22.604255	113.889285	19.9231
22.57019	114.503161	19.9231
23.067267	113.399145	19.9231
22.697286	113.788603	19.9231
22.753515	113.857615	19.9231
22.7529	113.792718	19.9231
22.967507	113.338308	19.9231
23.063067	113.346537	19.9231
22.694308	113.798991	19.9231
22.807539	113.892801	19.9231
23.137376	113.338695	19.9231
23.202991	113.374881	19.9231
23.116361	113.226914	19.9231
22.501452	113.938755	19.9231
22.731251	114.100123	19.9231
22.736324	114.38671	19.9231
23.47321	113.249584	19.9231
23.089764	113.308813	19.9231
22.789134	113.388964	19.9231
22.779628	113.914864	19.9231
22.69716	114.047236	19.9231
23.355278	113.392335	19.9231
23.208776	113.334099	19.9231
23.389134	113.216845	19.9231
23.138844	113.579964	19.9231
23.047007	113.337859	19.9231
23.202989	113.263381	19.9231
23.179264	113.714935	19.9231
22.616995	114.046901	19.9231
22.954901	113.379857	19.9231
22.682951	114.010378	19.9231
22.661587	114.074426	19.9231
22.568124	114.045091	19.9231
23.113131	113.449036	19.9231
22.585884	113.86968	19.9231
23.134618	113.386783	19.9231
22.985368	113.322854	19.9231
23.476614	113.239899	19.9231
22.580875	113.907313	19.9231
23.12403	113.254495	19.9231
23.5314	113.592978	19.9231
22.70298	113.84264	19.9231
22.643898	114.076399	19.9231
22.66513	114.238248	19.9231
22.788478	113.889537	19.9231
23.169018	113.38727	19.9231
22.708088	114.064351	19.9231
23.118132	113.364511	19.9231
22.755773	113.912015	19.9231
22.616425	114.118359	19.9231
22.590953	113.957013	19.9231
23.30995	113.237874	19.9231
22.678822	114.034685	19.9231
22.524293	113.949363	19.9231
22.695136	113.948254	19.9231
23.474501	113.238583	19.9231
22.56647	114.110719	19.9231
23.27411	113.32869	19.9231
22.725041	114.299771	19.9231
22.964123	113.283207	19.9231
22.659687	114.008433	19.9231
22.946646	113.364742	19.9231
23.11545	113.418224	19.9231
22.695095	113.815392	19.9231
22.770166	113.850591	19.9231
23.137149	113.279169	19.9231
22.566717	113.926536	19.9231
22.940616	113.360372	19.9231
22.498771	113.895248	19.9231
22.77798	114.081248	19.9231
23.000144	113.91974	19.9231
22.805936	113.741026	19.9231
22.743062	114.118197	19.9231
22.903224	113.816181	19.9231
22.804772	113.74753	19.9231
22.969322	113.70557	19.9231
22.979086	113.982372	19.9231
22.803661	113.812394	19.9231
23.022548	113.928423	19.9231
22.823812	113.799767	19.9231
22.77245	114.067428	19.9231
22.938265	113.625489	19.9231
22.778125	113.751863	19.9231
22.802223	114.102635	19.9231
22.925	113.631691	19.9231
22.841605	114.090852	19.9231
22.891166	113.826767	19.9231
22.700646	114.16965	19.9231
22.95593	113.662486	19.9231
22.954645	113.911108	19.9231
22.795295	113.760692	19.9231
23.083141	113.767028	19.9231
23.101657	113.874529	19.9231
22.926463	114.037365	19.9231
22.93	113.837293	19.9231
22.877114	114.095352	19.9231
22.709582	114.177666	19.9231
22.886224	114.007398	19.9231
23.003847	113.784079	19.9231
22.993739	113.87697	19.9231
22.815683	113.682839	19.9231
22.879447	113.824912	19.9231
23.114369	113.831847	19.9231
22.980098	113.86381	19.9231
23.059838	113.771276	19.9231
23.036206	113.772804	19.9231
22.822065	114.189993	19.9231
22.786421	113.740693	19.9231
23.020809	113.949274	19.9231
22.994115	113.992473	19.9231
23.009599	113.706808	19.9231
23.076711	113.969625	19.9231
22.809754	114.081164	19.9231
22.944554	113.866188	19.9231
22.811167	113.724467	19.9231
22.826964	114.108587	19.9231
22.780789	114.118719	19.9231
22.822234	113.755233	19.9231
22.764935	114.084304	19.9231
22.80565	113.740898	19.9231
23.037027	113.797487	19.9231
23.020852	113.984484	19.9231
22.915173	113.980395	19.9231
22.935573	113.636469	19.9231
22.768697	113.798912	19.9231
23.031772	114.092653	19.9231
22.976751	113.760212	19.9231
22.954993	113.911264	19.9231
22.813272	114.090229	19.9231
22.937475	113.712295	19.9231
23.106108	113.97324	19.9231
22.897119	113.852208	19.9231
22.768174	113.799205	19.9231
22.770692	113.789215	19.9231
22.95963	113.700828	19.9231
22.733944	114.116544	19.9231
22.814651	113.793246	19.9231
22.840164	114.200168	19.9231
23.041115	114.013836	19.9231
22.954792	113.920758	19.9231
23.052802	113.75171	19.9231
22.832463	113.680066	19.9231
22.900153	113.863877	19.9231
23.12442	113.885572	19.9231
22.775498	113.757734	19.9231
22.806587	113.837543	19.9231
22.829263	113.812398	19.9231
22.92664	113.983376	19.9231
22.732519	114.135313	19.9231
23.055013	113.744351	19.9231
22.799161	114.082389	19.9231
22.93524	113.712423	19.9231
23.023463	113.747246	19.9231
23.035179	113.799057	19.9231
23.06617	113.718616	19.9231
22.729495	114.204233	19.9231
22.91217	113.621716	19.9231
23.112146	113.79086	19.9231
22.831608	114.113402	19.9231
22.997915	113.897973	19.9231
22.739625	114.161596	19.9231
23.104527	113.867865	19.9231
23.044151	113.780224	19.9231
22.825356	113.736257	19.9231
22.985615	113.953996	19.9231
22.972278	114.035429	19.9231
22.898636	113.923088	19.9231
23.046573	113.786543	19.9231
23.010499	114.022416	19.9231
23.012182	113.71556	19.9231
23.032352	113.885701	19.9231
22.852086	113.72698	19.9231
23.011314	114.102109	19.9231
22.961579	113.67718	19.9231
22.974824	113.988868	19.9231
22.926663	113.935444	19.9231
22.954846	113.935392	19.9231
22.799794	113.67304	19.9231
22.961275	113.889792	19.9231
23.055543	113.548862	19.9231
23.037388	113.784323	19.9231
23.074947	113.696184	19.9231
22.801112	114.072281	19.9231
22.814671	113.795105	19.9231
23.092249	113.82953	19.9231
23.093876	113.784144	19.9231
23.027349	114.05203	19.9231
23.070079	113.878506	19.9231
22.771301	113.79212	19.9231
22.895069	113.634534	19.9231
22.960469	114.04255	19.9231
22.905706	113.819436	19.9231
22.984608	113.955644	19.9231
22.811372	113.796521	19.9231
22.953944	113.977261	19.9231
22.998147	113.923586	19.9231
22.932349	113.870064	19.9231
22.917688	114.090245	19.9231
22.920828	113.667761	19.9231
22.815166	114.16122	19.9231
22.813131	113.693021	19.9231
22.772376	114.07461	19.9231
23.039387	113.749698	19.9231
22.849592	113.709954	19.9231
23.013723	113.767861	19.9231
22.913478	114.007215	19.9231
22.813916	113.81585	19.9231
23.091486	113.733677	19.9231
23.018409	113.931099	19.9231
23.061404	113.745668	19.9231
22.857311	114.16751	19.9231
22.745632	114.132189	19.9231
23.039652	113.793757	19.9231
22.821741	113.796559	19.9231
22.996231	113.842775	19.9231
22.849609	113.635105	19.9231
22.845934	113.677471	19.9231
22.921877	113.970559	19.9231
22.797837	113.7765	19.9231
23.047683	113.965833	19.9231
22.799248	113.734852	19.9231
22.828959	114.219065	19.9231
22.988497	114.020475	19.9231
23.031403	113.998336	19.9231
22.747349	114.11389	19.9231
23.028009	113.924963	19.9231
22.823346	114.190013	19.9231
22.979523	113.868991	19.9231
22.926757	113.931721	19.9231
22.778333	114.041517	19.9231
23.041146	113.793387	19.9231
22.861333	112.713124	19.9231
22.862543	113.140443	19.9231
23.097502	112.983289	19.9231
23.206301	113.090166	19.9231
22.783929	113.280208	19.9231
23.176257	112.84429	19.9231
23.044896	113.134245	19.9231
23.028507	113.205598	19.9231
22.95841	113.083468	19.9231
22.870735	113.070645	19.9231
113.13148	23.031824	19.9231
23.199288	112.862711	19.9231
23.044966	113.070853	19.9231
22.828449	113.186879	19.9231
22.957645	113.046727	19.9231
22.90844	113.084222	19.9231
22.851031	113.208916	19.9231
22.945842	112.992485	19.9231
22.886559	112.815505	19.9231
22.865052	113.012977	19.9231
23.218288	113.124721	19.9231
22.924002	113.078846	19.9231
23.10474	113.185962	19.9231
23.064156	113.132635	19.9231
22.946046	113.093371	19.9231
23.018008	112.928569	19.9231
23.062639	113.085754	19.9231
23.081462	112.963963	19.9231
23.158548	113.097191	19.9231
22.890848	112.908035	19.9231
22.910516	113.222848	19.9231
22.837338	113.269796	19.9231
23.217125	113.193624	19.9231
23.035598	113.072124	19.9231
23.131878	113.152314	19.9231
22.950558	113.200507	19.9231
22.746692	113.269884	19.9231
23.20048	113.126703	19.9231
22.811849	113.145181	19.9231
23.054558	113.077375	19.9231
23.187784	113.171703	19.9231
22.976627	113.224839	19.9231
23.045332	113.177387	19.9231
22.861972	113.174019	19.9231
23.176661	113.010389	19.9231
23.029895	113.18301	19.9231
23.031897	113.198752	19.9231
23.063001	112.952244	19.9231
23.03844	113.124528	19.9231
23.242116	113.113577	19.9231
23.1013	113.185484	19.9231
23.11445	113.186448	19.9231
23.068396	113.18246	19.9231
23.039637	113.113535	19.9231
22.966175	113.092774	19.9231
22.849746	113.011734	19.9231
23.091763	113.003852	19.9231
23.067008	112.967578	19.9231
22.905481	113.09496	19.9231
22.922027	113.22959	19.9231
22.77301	113.262919	19.9231
22.896958	113.046817	19.9231
22.873854	113.080458	19.9231
23.09287	113.196772	19.9231
22.833412	113.222219	19.9231
23.187311	113.15181	19.9231
23.181887	112.963401	19.9231
22.918387	113.083775	19.9231
23.041151	113.116029	19.9231
23.028549	113.108267	19.9231
23.140438	113.029602	19.9231
23.03649	113.151936	19.9231
23.049063	113.162249	19.9231
23.256482	113.157934	19.9231
23.024469	113.123242	19.9231
22.787911	113.123442	19.9231
23.089051	112.953818	19.9231
22.882888	113.079766	19.9231
23.181886	112.960073	19.9231
22.875004	112.960342	19.9231
22.841984	112.623743	19.9231
23.146479	113.16745	19.9231
23.025707	113.201287	19.9231
23.159015	113.175273	19.9231
23.078122	113.106922	19.9231
22.992381	113.205443	19.9231
22.907445	113.166922	19.9231
23.279771	112.95282	19.9231
23.047825	112.892575	19.9231
23.032175	113.058428	19.9231
23.14642	112.964127	19.9231
23.119823	113.209463	19.9231
22.841116	114.108676	19.5432
22.925371	112.924259	19.5432
23.001247	113.072967	19.5432
23.037019	113.134502	19.5432
22.547083	113.963737	18.5175
22.623677	114.117077	18.3667
22.519363	113.920024	18.261
23.585306	113.524752	17.9308
23.1972	113.341247	17.9066
23.264825	113.78339	17.8619
23.378745	113.451695	17.6769
23.235479	113.310501	17.4307
22.989233	114.015563	17.3502
22.840749	113.713928	16.6889
23.019999	113.304801	15.8772
22.771888	114.087366	15.8198
23.114535	113.359365	15.7373
23.113707	113.194624	15.1603
22.620784	114.142396	14.888
23.233479	113.273647	13.9462
23.165246	113.229868	13.5709
22.947583	113.155394	13.1511
23.552925	113.59388	13.0081
23.006205	113.125956	12.9003
23.109573	113.189996	12.2308
23.103535	113.239467	11.5443
23.115734	113.284565	11.5341
22.662717	113.868257	11.4122
22.715165	114.16351	11.3608
22.711769	114.233943	11.0655
23.179127	113.232607	10.9577
22.959082	113.688505	10.8986
23.04612	113.77029	10.2849
23.17939	113.232624	9.9616
22.677596	113.943079	8.9832
23.11535	113.287375	8.0595
23.138009	113.339948	8.0586
22.648431	114.025186	7.7362
23.189477	112.9031	7.5925
23.346159	113.291179	7.5268
22.934163	113.661179	7.4288
23.197974	113.362159	7.4166
23.207299	113.219847	6.4138
22.732855	113.913579	6.3409
23.095291	113.268316	6.0877
22.751659	113.798215	5.9769
23.005873	113.941863	5.9769
23.132753	113.389921	5.6317
22.541893	114.104769	5.6198
22.783063	113.883553	5.5463
22.801885	113.809194	5.4222
23.140609	113.276638	4.9808
22.736689	114.014507	4.8502
23.114157	113.861517	4.7742
23.076772	113.285325	4.6652
23.185425	113.328208	4.2748
23.081575	113.255523	4.2743
22.9547	113.380502	4.2255
22.838986	113.19525	4.2092
23.235565	113.313338	4.1743
23.114962	113.550644	4.1494
22.616369	114.169655	4
22.943723	113.092554	4
23.136097	113.391523	3.9846
23.081941	113.340145	3.9846
22.688487	113.950857	3.9846
22.538541	114.017808	3.9846
23.151366	113.33294	3.9846
22.981142	113.319482	3.9846
22.642198	114.057303	3.9846
23.202877	113.224004	3.9846
23.135027	113.391975	3.9846
23.09353	113.97741	3.9846
22.900134	112.901647	3.9846
22.99176	113.884259	3.8779
22.594962	114.131239	3.7533
22.691853	113.793094	3.4315
22.567707	114.119228	3.1214
23.114022	113.287397	3.0446
23.12621	113.264437	2.1046
23.262857	113.362453	2.1046
23.1394	113.329564	2.0332
22.653325	114.055072	2
23.150466	113.2571	2
23.142575	113.459695	2
22.666216	113.870892	2
22.591455	113.85078	2
22.557764	114.053106	2
23.176335	113.278514	2
23.046553	113.380583	2
22.567335	114.049928	2
22.59598	114.122261	2
22.604491	113.884646	2
22.546566	113.919158	2
23.119893	113.379039	2
23.027139	113.325241	2
22.762004	113.884499	2
22.719648	114.217649	2
23.178014	113.271324	2
22.740831	113.830542	2
22.640204	114.19104	2
22.735581	114.021474	2
22.67872	114.00856	2
22.682929	114.375702	2
23.254538	113.280497	2
22.643088	114.077496	2
23.32926	113.235614	2
23.113186	113.456276	2
22.692526	113.808621	2
22.692011	113.935795	2
22.877694	113.313253	2
22.95994	113.346143	2
22.676616	114.019238	2
23.367849	113.372406	2
22.696592	114.080521	2
22.688898	113.941172	2
23.129741	113.466657	2
22.753612	114.387122	2
22.648044	113.841368	2
23.09828	113.326104	2
22.590931	113.872062	2
23.292381	113.840487	2
23.2046	113.432343	2
22.761396	114.370497	2
23.126289	113.42732	2
22.614869	114.122876	2
22.758745	114.25131	2
23.198481	113.410804	2
22.762562	113.829352	2
23.5633	113.475857	2
22.55392	114.096056	2
22.571959	114.061668	2
23.136125	113.260912	2
22.966192	114.139648	2
22.981998	114.002272	2
23.11394	113.840691	2
23.061539	113.819426	2
23.046685	113.787325	2
23.039433	113.973821	2
22.948656	113.857529	2
23.120339	113.823403	2
22.937492	113.675092	2
22.986327	113.912095	2
23.115301	113.762285	2
22.820322	113.985404	2
22.83517	114.198	2
23.076061	113.733896	2
23.066181	114.022867	2
22.922346	113.928126	2
23.049183	113.780553	2
23.027713	114.031215	2
22.785018	113.787249	2
22.928183	113.739975	2
22.808677	114.14749	2
23.058886	113.791876	2
22.862789	114.120386	2
22.827093	113.691586	2
22.814336	113.680441	2
23.01484	113.933518	2
22.79587	113.796218	2
23.181584	113.211855	2
22.825403	113.274805	2
23.033969	113.0551	2
23.042646	113.15652	2
22.849891	113.264191	2
22.777089	113.253881	2
23.081293	113.183563	2
22.953825	113.083441	2
23.116301	112.869282	2
23.064088	113.111914	2
22.894359	112.884605	2
23.12433	113.109483	2
23.184704	112.86817	2
22.837311	113.257526	2
22.788347	113.820687	1.9923
22.642329	113.940914	1.9923
22.550191	114.045756	1.9923
23.165025	113.494401	1.9923
22.648168	113.934028	1.9923
23.175625	113.472175	1.9923
22.669112	114.136192	1.9923
23.268087	113.301635	1.9923
23.088394	113.330061	1.9923
23.077559	113.269359	1.9923
23.042548	113.281709	1.9923
23.128426	113.606336	1.9923
22.743525	114.019736	1.9923
22.735774	113.8453	1.9923
22.677719	114.319408	1.9923
23.045783	113.318957	1.9923
23.13433	113.325261	1.9923
23.092579	113.326677	1.9923
22.762143	113.808743	1.9923
23.080988	113.339109	1.9923
22.810679	113.848659	1.9923
22.615443	114.125244	1.9923
23.145345	113.324224	1.9923
22.668722	114.031515	1.9923
23.119504	113.34438	1.9923
23.132648	113.437797	1.9923
23.047881	113.453861	1.9923
23.200882	113.267982	1.9923
22.721676	113.921097	1.9923
22.701443	114.347332	1.9923
22.609817	114.130732	1.9923
23.171964	113.496133	1.9923
23.02919	113.331874	1.9923
23.152881	113.369335	1.9923
23.396451	113.215319	1.9923
22.67529	114.026051	1.9923
22.800291	113.915077	1.9923
22.555842	114.131389	1.9923
23.124553	113.327841	1.9923
22.743681	113.838079	1.9923
23.149271	113.295089	1.9923
23.299863	113.35164	1.9923
23.146261	113.227406	1.9923
23.203258	113.229655	1.9923
22.803578	113.88048	1.9923
22.741117	114.041342	1.9923
23.209231	113.555487	1.9923
23.238443	113.285521	1.9923
22.921528	113.37898	1.9923
22.69373	114.057432	1.9923
23.25202	113.264606	1.9923
23.215302	113.336174	1.9923
22.701362	114.000439	1.9923
23.096097	113.381176	1.9923
23.366579	113.399901	1.9923
23.108882	113.578363	1.9923
22.921637	113.378999	1.9923
22.696556	113.845161	1.9923
22.494063	113.939516	1.9923
23.147686	113.255173	1.9923
23.014966	113.330859	1.9923
23.152359	113.235196	1.9923
23.199756	113.227689	1.9923
22.619811	113.849949	1.9923
22.726269	113.920876	1.9923
22.685402	113.988473	1.9923
22.74019	113.921597	1.9923
23.081526	113.219005	1.9923
23.209195	113.247869	1.9923
22.595645	113.867961	1.9923
23.101793	113.333964	1.9923
22.759714	113.904866	1.9923
22.804594	113.880702	1.9923
22.955161	113.461607	1.9923
22.943258	113.412968	1.9923
23.392431	113.226045	1.9923
23.26303	113.243488	1.9923
23.273877	113.247424	1.9923
22.693583	114.362754	1.9923
23.099167	113.262162	1.9923
23.120488	113.371238	1.9923
23.048058	113.387189	1.9923
23.029619	113.317787	1.9923
22.652855	114.055381	1.9923
23.392352	113.219908	1.9923
22.751922	113.578058	1.9923
22.697844	113.815985	1.9923
22.721198	114.077826	1.9923
22.527525	113.933356	1.9923
22.622626	114.1638	1.9923
23.166063	113.242496	1.9923
23.469043	113.162896	1.9923
22.546174	113.976207	1.9923
22.540824	113.922639	1.9923
22.671491	113.920377	1.9923
22.730032	114.065075	1.9923
22.803059	113.881091	1.9923
22.582286	113.889842	1.9923
22.892953	113.410004	1.9923
22.537432	113.926899	1.9923
23.155817	113.378966	1.9923
22.568373	114.102633	1.9923
23.100669	113.350425	1.9923
23.112882	113.229895	1.9923
22.956544	113.411829	1.9923
22.808094	113.897042	1.9923
23.110039	113.473598	1.9923
22.699153	113.945862	1.9923
23.167896	113.390573	1.9923
22.622822	114.031131	1.9923
23.374725	113.210067	1.9923
22.97827	113.35543	1.9923
23.466244	113.368883	1.9923
22.545679	114.133723	1.9923
22.613007	114.129267	1.9923
22.964789	113.431002	1.9923
22.996967	113.355869	1.9923
22.562913	114.105983	1.9923
22.593345	113.990382	1.9923
22.667422	114.00305	1.9923
23.06335	113.316799	1.9923
23.058123	113.209894	1.9923
23.141363	113.275715	1.9923
23.339706	113.305417	1.9923
22.654059	114.040726	1.9923
23.214378	113.286936	1.9923
22.65472	114.016713	1.9923
22.549971	114.131318	1.9923
23.258496	113.276614	1.9923
22.541455	114.091181	1.9923
22.621286	113.870582	1.9923
23.134027	113.388363	1.9923
23.05402	113.870366	1.9923
23.039768	113.71544	1.9923
22.810973	113.72352	1.9923
22.823269	113.681592	1.9923
22.76769	113.798662	1.9923
22.769526	114.105348	1.9923
22.96937	113.767053	1.9923
22.761235	114.151974	1.9923
22.929345	113.66229	1.9923
23.053699	113.958475	1.9923
22.798649	113.782269	1.9923
22.976325	114.085426	1.9923
22.801761	113.724562	1.9923
22.963595	113.678648	1.9923
22.948517	113.939403	1.9923
22.920015	113.865418	1.9923
23.014449	113.840248	1.9923
23.043474	114.067686	1.9923
22.962496	114.180187	1.9923
22.961047	113.923816	1.9923
22.987346	114.040265	1.9923
23.093705	113.784069	1.9923
23.105495	113.985255	1.9923
23.042227	113.832825	1.9923
23.016329	113.710283	1.9923
22.832212	113.689163	1.9923
22.8204	113.755576	1.9923
22.910525	113.998527	1.9923
22.933476	114.04144	1.9923
22.816792	114.156049	1.9923
22.85065	113.642003	1.9923
22.765165	114.150772	1.9923
22.848728	114.183671	1.9923
23.070594	114.007934	1.9923
22.907607	113.662132	1.9923
23.097143	113.944739	1.9923
22.9731	113.736391	1.9923
22.962249	113.936295	1.9923
22.905281	113.866005	1.9923
22.956593	113.885066	1.9923
23.012891	113.7361	1.9923
22.986687	113.95669	1.9923
22.726013	114.17454	1.9923
22.980136	113.760893	1.9923
22.761861	114.169312	1.9923
22.770499	114.093328	1.9923
22.970974	114.140149	1.9923
22.927461	114.123809	1.9923
23.056917	113.972694	1.9923
22.857635	113.731079	1.9923
22.969485	114.154996	1.9923
22.958535	113.89069	1.9923
22.98412	114.012715	1.9923
22.805842	113.838947	1.9923
22.867798	113.848589	1.9923
23.188125	113.205387	1.9923
23.158884	113.09294	1.9923
23.197335	112.885419	1.9923
23.116108	113.167781	1.9923
23.10461	112.99215	1.9923
22.87546	112.936851	1.9923
22.816468	113.374217	1.9923
22.848344	113.022846	1.9923
22.947788	113.274266	1.9923
22.758389	113.33981	1.9923
23.197404	113.164752	1.9923
23.039749	113.149592	1.9923
22.859167	113.238154	1.9923
23.17893	112.863593	1.9923
22.850486	113.155671	1.9923
23.154408	113.17362	1.9923
22.713492	113.158742	1.9923
23.04329	113.105539	1.9923
23.258386	113.019837	1.9923
23.190689	113.092035	1.9923
23.122746	113.192885	1.9923
22.82251	113.025002	1.9923
23.05918	113.115516	1.9923
22.983303	113.309809	1.6879
23.140365	113.344485	1.562
22.538913	114.065357	1.4194
23.087982	113.25839	1.2701
23.127697	113.310772	1.227
22.708843	114.093508	1.2121
22.967164	113.996381	1.1203
22.940836	113.649068	0.9856
23.126932	113.660297	0.9847
23.252279	113.233557	0.9115
23.018857	113.07747	0.9115
23.015994	113.76411	0.908
23.044736	113.832363	0.9045
23.059438	113.776895	0.9011
23.282362	113.331886	0.8907
23.146495	113.111215	0.8398
23.108456	113.239011	0.75
22.729527	114.256978	0.7461
23.092183	113.334395	0.7329
22.559631	114.133602	0.7329
22.785964	113.747859	0.7301
23.04801	113.401632	0.7272
22.667073	114.021308	0.7245
23.100183	113.337437	0.7245
23.135042	113.328932	0.7079
23.180978	113.353962	0.7077
23.115794	113.550495	0.6838
22.711261	113.811977	0.6666
23.463938	113.283324	0.6606
23.109659	113.23763	0.5676
22.625287	114.15775	0.5462
22.567391	114.181531	0.3823
22.562082	113.962821	0.3808
23.388962	113.213867	0.3808
22.544267	114.10969	0.3794
22.73447	114.293377	0.3794
23.126134	113.430484	0.3794
23.113299	113.2858	0.3794
23.190896	113.34069	0.3779
23.123978	113.267879	0.3779
23.297187	113.309771	0.3779
22.524853	113.932363	0.3779
22.554932	113.947665	0.3779
23.036541	113.294234	0.3764
22.677466	114.007083	0.3764
23.097177	113.794141	0.3764
23.025983	113.16049	0.3764
23.191485	113.341252	0.375
22.960654	113.356821	0.375
22.588816	113.971681	0.375
23.09324	113.161075	0.375
23.176391	113.265977	0.3736
22.537965	114.083933	0.3736
23.125325	113.415681	0.3736
23.095389	113.364311	0.3736
22.73711	113.836685	0.3721
23.089928	113.524417	0.3721
23.114597	113.437809	0.3721
23.153595	113.33432	0.3721
23.041501	113.317763	0.3721
22.516122	114.050897	0.3721
22.678757	114.000754	0.3721
22.582619	113.879685	0.3721
22.631252	114.220208	0.3721
22.709633	113.795383	0.3707
23.106351	113.256934	0.3707
22.494423	113.940057	0.3707
24.293405	116.122526	0.3707
23.158466	113.204456	0.3707
23.183163	113.351206	0.3707
22.79171	113.750679	0.3707
22.820459	113.241417	0.3707
22.944018	112.84557	0.3707
22.989608	113.13176	0.3707
23.260226	113.785591	0.3693
22.868659	113.456987	0.3693
22.542164	114.085394	0.3693
22.641969	114.429571	0.3693
22.553168	114.08732	0.3693
23.103622	113.459465	0.3693
23.139774	113.267231	0.3693
22.616148	114.113674	0.3678
23.11996	113.394607	0.3678
22.541287	113.974886	0.3678
23.048139	113.399886	0.3678
23.138078	113.361953	0.3678
21.53332	111.229119	0.3678
22.686509	113.982837	0.3678
22.597055	114.268835	0.3678
22.989311	113.254156	0.3678
22.617745	113.84745	0.3664
23.282406	113.34135	0.3664
23.11935	113.297393	0.3664
22.78981	113.915402	0.3664
22.697284	114.229877	0.3664
22.73786	114.017811	0.3664
22.897819	113.669414	0.3664
22.635813	114.068462	0.365
22.667868	113.996969	0.365
22.764687	113.818122	0.365
22.559829	114.142063	0.365
23.049722	113.401725	0.365
23.220557	113.301598	0.365
22.643389	114.194805	0.365
22.914986	114.0613	0.365
23.068304	112.851532	0.365
23.045104	113.09069	0.365
23.058126	113.113304	0.365
23.054918	113.412964	0.3636
22.785235	113.390047	0.3636
22.557314	114.237851	0.3636
23.222086	113.299249	0.3636
22.657737	114.045913	0.3636
22.724736	114.075841	0.3636
22.535841	113.92102	0.3636
23.114495	113.283361	0.3636
22.65537	114.014637	0.3636
22.607224	114.135821	0.3636
22.635943	114.19549	0.3636
23.127199	113.368326	0.3636
23.086145	113.344864	0.3636
22.607974	113.869058	0.3636
22.669242	114.03156	0.3636
23.152238	113.352632	0.3636
22.6343	114.08765	0.3636
23.091579	113.536227	0.3636
23.130042	113.261542	0.3636
23.057688	113.395357	0.3636
23.234287	113.302009	0.3636
23.093022	113.385584	0.3636
22.660771	114.051308	0.3636
22.571383	113.869454	0.3636
23.08144	113.314419	0.3636
22.925945	113.365381	0.3636
23.036259	113.795512	0.3636
23.035068	113.77925	0.3636
22.796321	114.159845	0.3636
22.94227	113.268151	0.3636
23.4561	113.28	0.3636
23.58785	113.619693	0.3622
22.673385	113.942687	0.3622
22.648069	114.036209	0.3622
22.60285	114.118211	0.3622
22.615604	114.114983	0.3622
22.710186	113.804501	0.3622
22.647217	114.192165	0.3622
22.699995	113.797405	0.3622
22.509002	114.057133	0.3622
22.735088	113.840217	0.3622
22.710357	114.24983	0.3622
22.708666	114.247744	0.3622
23.049141	113.394477	0.3622
23.222997	113.609213	0.3622
23.30871	113.575233	0.3622
23.126572	113.317045	0.3622
22.80265	113.845027	0.3622
22.549708	114.126191	0.3622
23.1441	113.336	0.3622
23.372588	113.445166	0.3622
22.48433	113.910578	0.3622
22.534348	114.075145	0.3622
22.640956	114.190426	0.3622
23.131268	113.394681	0.3622
23.092992	113.385417	0.3622
22.779598	113.767788	0.3622
23.018359	113.998026	0.3622
23.027314	113.146958	0.3622
22.641634	114.218031	0.354
23.106249	113.218555	0.354
23.147679	113.251731	0.3535
23.103251	113.278701	0.3508
23.105029	113.325525	0.3508
23.12345	113.303099	0.3494
23.173973	113.264768	0.3467
23.132375	113.192373	0.3454
22.601552	114.136552	0.3419
23.188935	113.330106	0.3414
23.140092	113.268413	0.3414
22.51238	113.931471	0.3398
22.558309	114.161286	0.3252
23.198685	113.360937	0.2886
22.800504	115.374799	0.2861
22.752244	113.87611	0.2853
23.214208	113.225269	0.285
23.118348	113.248571	0.2408
22.703625	114.236176	0.237
22.528654	114.053635	0.2264
23.071442	113.891204	0.1566
23.170703	113.464494	0.143
23.148752	113.351212	0.143
23.131781	113.272225	0.143
23.063448	113.289247	0.143
23.022259	113.965266	0.143
23.159187	112.834761	0.143
23.103973	113.270764	0.1403
22.807693	113.850308	0.1331
22.966469	113.017223	0.1097
23.258072	113.315579	0.1092
23.029455	113.233272	0.1092
22.68551	114.16409	0.093
22.956234	113.364883	0.093
22.656633	114.025402	0.093
22.545845	114.107986	0.093
22.656513	114.088355	0.093
23.161377	113.271094	0.093
23.157744	113.432903	0.0927
23.316914	113.605555	0.0927
23.355583	113.149094	0.0927
23.000026	113.662626	0.0927
22.781126	113.243096	0.0927
22.720263	113.811609	0.0923
22.923575	114.020889	0.0923
22.743748	114.263625	0.092
22.659456	114.012307	0.092
23.1831	        113.34978	0.0916
22.574637	113.894997	0.0916
22.850577	114.158236	0.0916
22.655628	113.927887	0.0913
22.564083	113.899875	0.0913
23.123324	113.634497	0.0913
22.782264	114.323155	0.0913
23.189315	113.270151	0.0913
22.934209	113.847286	0.0913
22.554156	114.08928	0.081
23.193221	113.334035	0.0451
22.531045	113.925047	0.041
22.639528	114.043671	0.041
23.140301	113.386469	0.0377
23.233649	113.278354	0.0358
23.129889	113.405613	0.0247
22.932951	113.648792	0.0194
23.264235	113.782869	0.0193
22.840505	113.277245	0.0124
23.069415	113.287606	0.0121
23.333446	113.301736	0.0062
22.693506	113.994101	0.0036
23.133238	113.239864	0.0001
